0.039636 0.92618
0.47862 0.51327
0.30418 0.73086
0.35207 0.48812
0.23097 0.071111
0.45224 0.31539
0.92796 0.89896
0.99729 0.76698
0.80547 0.7143
0.28398 0.078653
0.42058 0.057946
0.29482 0.90421
0.23057 0.96318
0.73911 0.94874
0.4578 0.61946
0.62543 0.29699
0.69197 0.71775
0.99635 0.16438
0.56952 0.27452
0.25145 0.010277
0.20622 0.20165
0.027739 0.639
0.64933 0.45003
0.38839 0.76728
0.57979 0.3314
0.12689 0.11752
0.60934 0.51639
0.33594 0.72931
0.8049 0.11414
0.83503 0.63624
0.32626 0.97022
0.91112 0.81613
0.98937 0.30958
0.18534 0.37839
0.31718 0.5013
0.010249 0.88234
0.30807 0.65642
0.78209 0.96278
0.41733 0.27439
0.43543 0.44034
0.98414 0.97543
0.42786 0.85904
0.79679 0.75171
0.46215 0.21009
0.82978 0.083196
0.098225 0.70693
0.92856 0.24915
0.47229 0.78418
0.72634 0.45152
0.27269 0.29851
0.34565 0.54226
0.75018 0.26999
0.40697 0.74334
0.1143 0.7554
0.46949 0.93283
0.42785 0.97919
0.84433 0.48776
0.8319 0.34831
0.19806 0.90007
0.83572 0.37214
0.34239 0.18351
0.69024 0.95484
0.50482 0.48442
0.53713 0.39508
0.60666 0.071066
0.66277 0.76078
0.57922 0.15252
0.41128 0.10699
0.69564 0.79927
0.99966 0.82596
0.12376 0.59233
0.41611 0.042696
0.061228 0.20366
0.6358 0.06986
0.19602 0.49433
0.89821 0.6225
0.62872 0.9206
0.59013 0.132
0.54572 0.23841
0.65688 0.70385
0.97759 0.89995
0.84653 0.93317
0.76726 0.10469
0.19925 0.19444
0.47941 0.41506
0.026666 0.29685
0.31782 0.17145
0.9796 0.56294
0.57873 0.77953
0.63565 0.08588
0.42653 0.34603
0.0084869 0.33672
0.1545 0.98098
0.27861 0.13513
0.29119 0.39923
0.085891 0.6198
0.77372 0.24372
0.70194 0.42702
0.13851 0.224
0.86096 0.17172